1460
0.000000
0.000000
0.000000
0.000000
0.000000
0.000000
0.000000
0.000000
0.000000
0.000000
0.000000
0.000000
0.000000
0.000000
0.000000
0.000000
0.000000
0.000000
0.000000
0.000000
0.000000
0.000000
0.000000
0.000000
0.000000
0.000000
0.000000
0.000000
0.000000
0.000000
0.000000
0.000000
0.000000
0.000000
0.000000
0.000000
0.000000
0.000000
0.000000
0.000000
0.000000
0.000000
0.000000
0.000000
0.001216
0.001216
0.001216
0.001216
0.001216
0.001216
0.001216
0.001277
0.001338
0.001399
0.001429
0.003405
0.003740
0.003770
0.004044
0.004226
0.004378
0.004561
0.004622
0.004743
0.004774
0.004774
0.004895
0.005321
0.005655
0.006203
0.006598
0.006902
0.007206
0.013895
0.013986
0.014230
0.014777
0.015355
0.015932
0.023351
0.030831
0.037885
0.038098
0.038341
0.038554
0.038828
0.039162
0.039314
0.039496
0.039527
0.039557
0.039557
0.039618
0.039679
0.039770
0.039861
0.039953
0.040044
0.040165
0.040439
0.040865
0.041230
0.041807
0.042628
0.043784
0.046186
0.050260
0.055003
0.061601
0.070540
0.082550
0.098300
0.115388
0.133145
0.150111
0.165891
0.180486
0.192861
0.203685
0.213506
0.221533
0.229134
0.235702
0.242756
0.250448
0.259631
0.269300
0.281006
0.292925
0.306698
0.322387
0.337225
0.354556
0.371766
0.389279
0.409073
0.427377
0.445955
0.465140
0.483870
0.502873
0.520812
0.536258
0.549819
0.562620
0.574326
0.585728
0.593755
0.600718
0.607103
0.611876
0.615981
0.619873
0.623096
0.625194
0.627657
0.629329
0.630728
0.631488
0.632157
0.632552
0.632795
0.633160
0.633464
0.633555
0.633677
0.633799
0.633920
0.634042
0.634194
0.634255
0.634376
0.634528
0.634589
0.634741
0.634863
0.635015
0.635136
0.635197
0.635410
0.635501
0.635532
0.635684
0.635714
0.635805
0.635866
0.635897
0.635988
0.636109
0.636170
0.636261
0.636322
0.636657
0.636657
0.636657
0.636717
0.636778
0.636991
0.636991
0.637021
0.637021
0.637082
0.637234
0.637265
0.637326
0.637386
0.637386
0.637417
0.637417
0.637478
0.637508
0.637630
0.637690
0.637721
0.637751
0.637842
0.637903
0.637934
0.637994
0.638025
0.638086
0.638116
0.638238
0.638329
0.638329
0.638359
0.638451
0.638511
0.638603
0.638603
0.638633
0.638694
0.638785
0.638785
0.638907
0.639028
0.639059
0.639089
0.639119
0.639211
0.639241
0.639271
0.639363
0.639484
0.639545
0.639606
0.639728
0.639758
0.639819
0.639880
0.639940
0.640123
0.640123
0.640184
0.640305
0.640396
0.640396
0.640457
0.640579
0.640609
0.640640
0.640731
0.640761
0.640822
0.640883
0.641035
0.641065
0.641126
0.641248
0.641400
0.641461
0.641552
0.641643
0.641734
0.641826
0.641917
0.641978
0.642099
0.642160
0.642221
0.642312
0.642403
0.642464
0.642555
0.642555
0.642586
0.642646
0.642646
0.642799
0.642829
0.642890
0.642951
0.643163
0.643376
0.643407
0.643467
0.643467
0.643498
0.643619
0.643741
0.643832
0.643893
0.643984
0.643984
0.644045
0.644076
0.644167
0.644197
0.644258
0.644319
0.644349
0.644532
0.644592
0.644805
0.644896
0.644957
0.644957
0.645018
0.645079
0.645201
0.645261
0.645413
0.645444
0.645535
0.645596
0.645657
0.645778
0.645869
0.645991
0.646021
0.646021
0.646295
0.646386
0.646478
0.646630
0.646751
0.646812
0.646934
0.647086
0.647238
0.647268
0.647420
0.647542
0.647572
0.647633
0.647724
0.647846
0.647937
0.647998
0.648059
0.648150
0.648302
0.648363
0.648393
0.648454
0.648576
0.648728
0.648819
0.648910
0.648971
0.649032
0.649123
0.649244
0.649336
0.649396
0.649579
0.649670
0.649731
0.649913
0.649913
0.650005
0.650096
0.650217
0.650248
0.650339
0.650400
0.650400
0.650461
0.650491
0.650613
0.650643
0.650826
0.650917
0.650947
0.651038
0.651099
0.651251
0.651342
0.651494
0.651646
0.651798
0.651829
0.651920
0.651951
0.652011
0.652072
0.652133
0.652224
0.652315
0.652467
0.652619
0.652680
0.652771
0.652802
0.652984
0.653075
0.653167
0.653228
0.653288
0.653440
0.653501
0.653562
0.653684
0.653744
0.653805
0.653866
0.653896
0.653957
0.654018
0.654109
0.654140
0.654231
0.654322
0.654505
0.654565
0.654687
0.654809
0.654900
0.654961
0.654961
0.654991
0.655082
0.655234
0.655325
0.655508
0.655721
0.655812
0.655903
0.655934
0.656055
0.656116
0.656146
0.656177
0.656238
0.656359
0.656603
0.656633
0.656785
0.656998
0.657059
0.657089
0.657150
0.657271
0.657302
0.657393
0.657393
0.657454
0.657575
0.657606
0.657697
0.657788
0.657819
0.657849
0.657971
0.658032
0.658092
0.658184
0.658366
0.658396
0.658518
0.658579
0.658731
0.658792
0.658853
0.658944
0.659065
0.659248
0.659339
0.659339
0.659430
0.659430
0.659582
0.659673
0.659765
0.659825
0.659886
0.660069
0.660190
0.660282
0.660312
0.660312
0.660434
0.660586
0.660738
0.660798
0.660859
0.660950
0.661042
0.661133
0.661285
0.661376
0.661528
0.661619
0.661650
0.661680
0.661771
0.661802
0.661923
0.662075
0.662136
0.662258
0.662319
0.662440
0.662471
0.662592
0.662684
0.662836
0.662988
0.663079
0.663200
0.663292
0.663413
0.663505
0.663565
0.663626
0.663687
0.663778
0.663900
0.664052
0.664143
0.664204
0.664386
0.664538
0.664630
0.664721
0.664812
0.664964
0.665086
0.665207
0.665298
0.665511
0.665694
0.665815
0.665937
0.666150
0.666332
0.666454
0.666454
0.666727
0.666819
0.667001
0.667153
0.667244
0.667366
0.667609
0.667700
0.667822
0.667822
0.667852
0.667913
0.668035
0.668187
0.668309
0.668461
0.668673
0.668856
0.668947
0.669038
0.669221
0.669403
0.669464
0.669555
0.669586
0.669616
0.669707
0.669768
0.669920
0.670011
0.670042
0.670163
0.670224
0.670224
0.670315
0.670346
0.670467
0.670467
0.670559
0.670711
0.670893
0.671045
0.671167
0.671349
0.671532
0.671623
0.671714
0.671744
0.671836
0.671866
0.671896
0.671927
0.672018
0.672109
0.672261
0.672444
0.672444
0.672504
0.672535
0.672596
0.672748
0.672869
0.673021
0.673113
0.673173
0.673265
0.673356
0.673447
0.673538
0.673660
0.673751
0.673842
0.673964
0.674116
0.674207
0.674298
0.674359
0.674450
0.674602
0.674754
0.675119
0.675302
0.675393
0.675515
0.675667
0.675697
0.675788
0.675849
0.675940
0.676031
0.676123
0.676214
0.676275
0.676305
0.676488
0.676579
0.676640
0.676731
0.676852
0.676913
0.677004
0.677187
0.677309
0.677400
0.677521
0.677582
0.677704
0.677825
0.677947
0.678099
0.678221
0.678251
0.678434
0.678555
0.678677
0.678768
0.678859
0.679011
0.679224
0.679437
0.679589
0.679680
0.679741
0.679863
0.679954
0.680015
0.680136
0.680258
0.680258
0.680379
0.680471
0.680623
0.680744
0.680896
0.680988
0.681170
0.681383
0.681504
0.681565
0.681930
0.682082
0.682295
0.682417
0.682508
0.682599
0.682660
0.682812
0.682964
0.683116
0.683238
0.683298
0.683450
0.683542
0.683663
0.683815
0.683906
0.684089
0.684150
0.684241
0.684363
0.684606
0.684758
0.684879
0.685031
0.685092
0.685244
0.685366
0.685518
0.685640
0.685852
0.685913
0.686096
0.686217
0.686369
0.686521
0.686613
0.686643
0.686825
0.686886
0.687069
0.687160
0.687373
0.687616
0.687738
0.687890
0.687950
0.688072
0.688224
0.688498
0.688619
0.688741
0.689015
0.689379
0.689471
0.689562
0.689805
0.690109
0.690261
0.690383
0.690596
0.690778
0.690869
0.690961
0.691021
0.691386
0.691569
0.691751
0.692055
0.692238
0.692329
0.692481
0.692633
0.692724
0.692876
0.692998
0.693210
0.693393
0.693484
0.693636
0.693758
0.693910
0.694062
0.694123
0.694305
0.694457
0.694731
0.694852
0.694883
0.695065
0.695248
0.695308
0.695430
0.695552
0.695765
0.695825
0.696099
0.696312
0.696494
0.696646
0.696768
0.696950
0.697133
0.697224
0.697437
0.697528
0.697619
0.697832
0.698015
0.698136
0.698319
0.698471
0.698744
0.698988
0.699079
0.699200
0.699383
0.699444
0.699565
0.699687
0.699778
0.699900
0.700021
0.700204
0.700265
0.700417
0.700599
0.700781
0.700964
0.701025
0.701359
0.701511
0.701663
0.701754
0.701846
0.701967
0.702150
0.702393
0.702484
0.702575
0.702788
0.702819
0.703001
0.703214
0.703366
0.703487
0.703579
0.703640
0.703761
0.703883
0.704035
0.704187
0.704308
0.704460
0.704521
0.704765
0.704825
0.704947
0.705069
0.705221
0.705312
0.705464
0.705677
0.705829
0.705950
0.706011
0.706163
0.706254
0.706467
0.706558
0.706710
0.706771
0.706954
0.707075
0.707167
0.707288
0.707440
0.707623
0.707653
0.707683
0.707835
0.708079
0.708170
0.708352
0.708413
0.708626
0.708656
0.708778
0.708869
0.708930
0.708960
0.709052
0.709082
0.709204
0.709386
0.709660
0.709873
0.710085
0.710116
0.710237
0.710329
0.710389
0.710389
0.710542
0.710633
0.710694
0.710815
0.710906
0.710998
0.711119
0.711210
0.711241
0.711423
0.711636
0.711727
0.711819
0.711879
0.712062
0.712153
0.712305
0.712457
0.712548
0.712700
0.712822
0.712852
0.712974
0.713065
0.713126
0.713369
0.713460
0.713612
0.713825
0.713856
0.713947
0.714038
0.714160
0.714221
0.714403
0.714464
0.714585
0.714616
0.714707
0.714798
0.714889
0.715163
0.715254
0.715406
0.715467
0.715558
0.715741
0.715802
0.715923
0.716075
0.716136
0.716288
0.716471
0.716623
0.716775
0.716927
0.717079
0.717170
0.717352
0.717596
0.717687
0.717808
0.717869
0.717991
0.718143
0.718204
0.718234
0.718416
0.718538
0.718660
0.718751
0.718873
0.719025
0.719085
0.719146
0.719177
0.719329
0.719329
0.719420
0.719450
0.719511
0.719663
0.719815
0.719815
0.719815
0.719998
0.720058
0.720150
0.720210
0.720241
0.720302
0.720454
0.720545
0.720606
0.720666
0.720697
0.720727
0.720788
0.720879
0.721031
0.721062
0.721214
0.721305
0.721457
0.721639
0.721700
0.721700
0.721883
0.721944
0.722004
0.722065
0.722156
0.722248
0.722369
0.722369
0.722460
0.722460
0.722582
0.722673
0.722764
0.722856
0.722977
0.723038
0.723129
0.723190
0.723251
0.723312
0.723494
0.723585
0.723585
0.723707
0.723737
0.723768
0.723950
0.724011
0.724133
0.724224
0.724376
0.724467
0.724467
0.724619
0.724650
0.724741
0.724802
0.724832
0.724954
0.725014
0.725106
0.725166
0.725227
0.725379
0.725471
0.725501
0.725531
0.725592
0.725683
0.725714
0.725714
0.725805
0.725866
0.725927
0.725957
0.726018
0.726079
0.726139
0.726231
0.726352
0.726413
0.726443
0.726474
0.726474
0.726535
0.726656
0.726778
0.726900
0.727052
0.727173
0.727173
0.727264
0.727325
0.727356
0.727416
0.727568
0.727568
0.727660
0.727660
0.727751
0.727812
0.727873
0.727903
0.728055
0.728055
0.728116
0.728298
0.728389
0.728541
0.728572
0.728602
0.728602
0.728693
0.728693
0.728754
0.728754
0.728906
0.728967
0.728998
0.729028
0.729089
0.729150
0.729180
0.729210
0.729423
0.729423
0.729454
0.729606
0.729697
0.729727
0.729910
0.729910
0.729940
0.730001
0.730062
0.730092
0.730183
0.730214
0.730335
0.730335
0.730427
0.730427
0.730518
0.730609
0.730670
0.730791
0.730791
0.730852
0.730913
0.731004
0.731004
0.731065
0.731156
0.731248
0.731460
0.731460
0.731521
0.731582
0.731612
0.731643
0.731704
0.731795
0.731825
0.731886
0.731947
0.732038
0.732099
0.732129
0.732220
0.732312
0.732373
0.732403
0.732494
0.732585
0.732707
0.732707
0.732737
0.732829
0.732920
0.732981
0.733041
0.733133
0.733285
0.733345
0.733376
0.733558
0.733680
0.733710
0.733832
0.733862
0.733954
0.733954
0.734106
0.734197
0.734288
0.734318
0.734410
0.734501
0.734562
0.734683
0.734896
0.734957
0.735048
0.735200
0.735352
0.735383
0.735413
0.735474
0.735504
0.735656
0.735748
0.735778
0.735900
0.736052
0.736173
0.736204
0.736264
0.736416
0.736416
0.736416
0.736416
0.736508
0.736599
0.736690
0.736720
0.736751
0.736751
0.736781
0.736933
0.736964
0.737116
0.737146
0.737298
0.737389
0.737450
0.737541
0.737602
0.737754
0.737845
0.737845
0.737937
0.737998
0.738119
0.738241
0.738302
0.738423
0.738636
0.738697
0.738788
0.738818
0.738910
0.739031
0.739092
0.739183
0.739275
0.739396
0.739427
0.739518
0.739579
0.739609
0.739700
0.739731
0.739883
0.739943
0.740095
0.740217
0.740308
0.740400
0.740460
0.740673
0.740734
0.740795
0.740886
0.741068
0.741129
0.741220
0.741251
0.741433
0.741494
0.741585
0.741646
0.741737
0.741798
0.741889
0.741981
0.742072
0.742163
0.742254
0.742315
0.742376
0.742437
0.742497
0.742589
0.742619
0.742832
0.742862
0.742984
0.743045
0.743166
0.743197
0.743288
0.743318
0.743349
0.743410
0.743410
0.743501
0.743653
0.743714
0.743805
0.743866
0.744048
0.744109
0.744200
0.744322
0.744352
0.744413
0.744504
0.744504
0.744626
0.744687
0.744778
0.744869
0.744960
0.744991
0.745112
0.745112
0.745173
0.745325
0.745447
0.745477
0.745629
0.745629
0.745690
0.745751
0.745872
0.745933
0.745964
0.746055
0.746085
0.746116
0.746268
0.746298
0.746359
0.746389
0.746389
0.746420
0.746420
0.746511
0.746541
0.746633
0.746663
0.746724
0.746785
0.746937
0.746997
0.747028
0.747089
0.747119
0.747180
0.747241
0.747302
0.747332
0.747393
0.747484
0.747606
0.747666
0.747666
0.747697
0.747697
0.747758
0.747818
0.747849
0.747910
0.747940
0.748062
0.748092
0.748122
0.748183
0.748305
0.748305
0.748335
0.748427
0.748427
0.748548
0.748609
0.748700
0.748731
0.748791
0.748791
0.748822
0.748852
0.749004
0.749035
0.749126
0.749247
0.749247
0.749369
0.749399
0.749521
0.749521
0.749612
0.749704
0.749734
0.749764
0.749764
0.749795
0.749886
0.749886
0.749977
0.750068
0.750099
0.750129
0.750160
0.750160
0.750220
0.750342
0.750342
0.750342
0.750372
0.750433
0.750494
0.750494
0.750585
0.750616
0.750646
0.750677
0.750768
0.750859
0.750859
0.750920
0.750950
0.750950
0.751041
0.751102
0.751163
0.751224
0.751285
0.751285
0.751285
0.751315
0.751406
0.751437
0.751497
0.751497
0.751497
0.751528
0.751589
0.751649
0.751741
0.751771
0.751832
0.993767
0.993767
0.993767
0.993767
0.993767
0.994010
0.995804
0.999848
0.999970
1.000000
1.000000
1.000000
1.000000
1.000000
1.000000
1.000000
1.000000
1.000000
1.000000
1.000000
1.000000
1.000000
1.000000
1.000000
1.000000
1.000000
1.000000
1.000000
1.000000
1.000000
1.000000
1.000000
