1000
0.310485
0.325629
0.341078
0.355553
0.370667
0.386936
0.402262
0.416829
0.432581
0.450493
0.469742
0.485312
0.501673
0.518063
0.534606
0.554282
0.577819
0.611817
0.665917
0.763289
0.879060
0.934071
0.957609
0.970776
0.977527
0.982423
0.984977
0.986954
0.988961
0.990208
0.990968
0.991485
0.991850
0.992428
0.992671
0.992823
0.993067
0.993219
0.993584
0.994161
0.994709
0.995104
0.995317
0.995469
0.995530
0.995560
0.995621
0.995682
0.995773
0.995773
0.995834
0.995864
0.995864
0.995925
0.995955
0.996016
0.996016
0.996047
0.996077
0.996168
0.996533
0.996685
0.996716
0.996837
0.996868
0.996868
0.996959
0.996959
0.996959
0.996959
0.996959
0.996959
0.996959
0.996959
0.996959
0.996959
0.996959
0.996959
0.996959
0.996959
0.996959
0.996959
0.996959
0.996959
0.996959
0.996959
0.996959
0.996959
0.996959
0.996959
0.996959
0.996959
0.996959
0.996959
0.996959
0.996959
0.996959
0.996959
0.996959
0.996959
0.996959
0.996959
0.996959
0.996959
0.996959
0.996959
0.996959
0.996959
0.996959
0.996959
0.996959
0.996959
0.996959
0.996959
0.996959
0.996959
0.996959
0.996959
0.996959
0.996959
0.996959
0.996959
0.996959
0.996959
0.996959
0.996959
0.996959
0.996959
0.996959
0.996959
0.996959
0.996959
0.996959
0.996959
0.996959
0.996959
0.996959
0.996959
0.996959
0.996959
0.996959
0.996959
0.996959
0.996959
0.996959
0.996959
0.996959
0.996959
0.996959
0.996959
0.996959
0.996959
0.996959
0.996959
0.996959
0.996959
0.996959
0.996959
0.996959
0.996959
0.996959
0.996959
0.996959
0.996959
0.996959
0.996959
0.996959
0.996959
0.996959
0.996959
0.996959
0.996959
0.996959
0.996959
0.996959
0.996959
0.996959
0.996959
0.996959
0.996959
0.996959
0.996959
0.996959
0.996959
0.996959
0.996959
0.996959
0.996959
0.996959
0.996959
0.996959
0.996959
0.996959
0.996959
0.996959
0.996959
0.996959
0.996959
0.996959
0.996959
0.996989
0.996989
0.996989
0.996989
0.996989
0.997020
0.997020
0.997020
0.997050
0.997081
0.997081
0.997081
0.997081
0.997081
0.997081
0.997081
0.997081
0.997081
0.997081
0.997111
0.997111
0.997111
0.997111
0.997111
0.997111
0.997111
0.997141
0.997202
0.997354
0.997446
0.997537
0.997750
0.997841
0.997932
0.997993
0.998145
0.998206
0.998297
0.998449
0.998601
0.998784
0.998875
0.999118
0.999270
0.999270
0.999392
0.999422
0.999574
0.999574
0.999665
0.999665
0.999665
0.999696
0.999696
0.999696
0.999726
0.999757
0.999757
0.999818
0.999818
0.999818
0.999818
0.999818
0.999878
0.999878
0.999878
0.999909
0.999909
0.999909
0.999909
0.999909
0.999909
0.999909
0.999909
0.999939
0.999939
0.999939
0.999939
0.999939
0.999939
0.999939
0.999939
0.999939
0.999939
0.999939
0.999939
0.999939
0.999939
0.999939
0.999939
0.999939
0.999939
0.999939
0.999939
0.999939
0.999939
0.999939
0.999939
0.999939
0.999939
0.999939
0.999939
0.999939
0.999939
0.999939
0.999939
0.999939
0.999939
0.999939
0.999939
0.999939
0.999939
0.999939
0.999939
0.999939
0.999939
0.999939
0.999939
0.999939
0.999939
0.999939
0.999939
0.999939
0.999939
0.999939
0.999939
0.999939
0.999939
0.999939
0.999939
0.999939
0.999939
0.999939
0.999939
0.999939
0.999939
0.999939
0.999939
0.999939
0.999939
0.999939
0.999939
0.999939
0.999939
0.999939
0.999939
0.999939
0.999939
0.999939
0.999939
0.999939
0.999939
0.999939
0.999939
0.999939
0.999939
0.999939
0.999939
0.999939
0.999939
0.999939
0.999939
0.999939
0.999939
0.999939
0.999939
0.999939
0.999939
0.999939
0.999939
0.999939
0.999939
0.999939
0.999939
0.999939
0.999939
0.999939
0.999939
0.999939
0.999939
0.999939
0.999939
0.999939
0.999939
0.999939
0.999939
0.999939
0.999939
0.999939
0.999939
0.999939
0.999939
0.999939
0.999939
0.999939
0.999939
0.999939
0.999939
0.999939
0.999939
0.999939
0.999939
0.999939
0.999939
0.999939
0.999939
0.999939
0.999939
0.999939
0.999939
0.999939
0.999939
0.999939
0.999939
0.999939
0.999939
0.999939
0.999939
0.999939
0.999939
0.999939
0.999939
0.999939
0.999939
0.999939
0.999939
0.999939
0.999939
0.999939
0.999939
0.999939
0.999939
0.999939
0.999939
0.999939
0.999939
0.999939
0.999939
0.999939
0.999939
0.999939
0.999939
0.999939
0.999939
0.999939
0.999939
0.999939
0.999939
0.999939
0.999939
0.999939
0.999939
0.999939
0.999939
0.999939
0.999939
0.999939
0.999939
0.999939
0.999939
0.999939
0.999939
0.999939
0.999939
0.999939
0.999939
0.999939
0.999939
0.999939
0.999939
0.999939
0.999939
0.999939
0.999939
0.999939
0.999939
0.999939
0.999939
0.999939
0.999939
0.999939
0.999939
0.999939
0.999939
0.999939
0.999939
0.999939
0.999939
0.999939
0.999939
0.999939
0.999939
0.999939
0.999939
0.999939
0.999939
0.999939
0.999939
0.999939
0.999939
0.999939
0.999939
0.999939
0.999939
0.999939
0.999939
0.999939
0.999939
0.999939
0.999939
0.999939
0.999939
0.999939
0.999939
0.999939
0.999939
0.999939
0.999939
0.999939
0.999939
0.999939
0.999939
0.999939
0.999939
0.999939
0.999939
0.999939
0.999939
0.999939
0.999939
0.999939
0.999939
0.999939
0.999939
0.999939
0.999939
0.999939
0.999939
0.999939
0.999939
0.999939
0.999939
0.999939
0.999939
0.999939
0.999939
0.999939
0.999939
0.999939
0.999939
0.999939
0.999939
0.999939
0.999939
0.999939
0.999939
0.999939
0.999939
0.999939
0.999939
0.999939
0.999939
0.999939
0.999939
0.999939
0.999970
0.999970
0.999970
0.999970
0.999970
0.999970
0.999970
0.999970
0.999970
0.999970
0.999970
0.999970
0.999970
0.999970
0.999970
0.999970
0.999970
0.999970
0.999970
0.999970
0.999970
0.999970
0.999970
0.999970
0.999970
0.999970
0.999970
0.999970
0.999970
0.999970
0.999970
0.999970
0.999970
0.999970
0.999970
0.999970
0.999970
0.999970
0.999970
0.999970
0.999970
0.999970
0.999970
0.999970
0.999970
0.999970
0.999970
0.999970
0.999970
0.999970
0.999970
0.999970
0.999970
0.999970
0.999970
0.999970
0.999970
0.999970
0.999970
0.999970
0.999970
0.999970
0.999970
0.999970
0.999970
0.999970
0.999970
0.999970
0.999970
0.999970
0.999970
0.999970
0.999970
0.999970
0.999970
0.999970
0.999970
0.999970
0.999970
0.999970
0.999970
0.999970
0.999970
0.999970
0.999970
0.999970
0.999970
0.999970
0.999970
0.999970
0.999970
0.999970
0.999970
0.999970
0.999970
0.999970
0.999970
0.999970
0.999970
0.999970
0.999970
0.999970
0.999970
0.999970
0.999970
0.999970
0.999970
0.999970
0.999970
0.999970
0.999970
0.999970
0.999970
0.999970
0.999970
0.999970
0.999970
0.999970
0.999970
0.999970
0.999970
0.999970
0.999970
0.999970
0.999970
0.999970
0.999970
0.999970
0.999970
0.999970
0.999970
0.999970
0.999970
0.999970
0.999970
0.999970
0.999970
0.999970
0.999970
0.999970
0.999970
0.999970
0.999970
0.999970
0.999970
0.999970
0.999970
0.999970
0.999970
0.999970
0.999970
0.999970
0.999970
0.999970
0.999970
0.999970
0.999970
0.999970
0.999970
0.999970
0.999970
0.999970
0.999970
0.999970
0.999970
0.999970
0.999970
0.999970
0.999970
0.999970
0.999970
0.999970
0.999970
0.999970
0.999970
0.999970
0.999970
0.999970
0.999970
0.999970
0.999970
0.999970
0.999970
0.999970
0.999970
0.999970
0.999970
0.999970
0.999970
0.999970
0.999970
0.999970
0.999970
0.999970
0.999970
0.999970
0.999970
0.999970
0.999970
0.999970
0.999970
0.999970
0.999970
0.999970
0.999970
0.999970
0.999970
0.999970
0.999970
0.999970
0.999970
0.999970
0.999970
0.999970
0.999970
0.999970
0.999970
0.999970
0.999970
0.999970
0.999970
0.999970
0.999970
0.999970
0.999970
0.999970
0.999970
0.999970
0.999970
0.999970
0.999970
0.999970
0.999970
0.999970
0.999970
0.999970
0.999970
0.999970
0.999970
0.999970
0.999970
0.999970
0.999970
0.999970
0.999970
0.999970
0.999970
0.999970
0.999970
0.999970
0.999970
0.999970
0.999970
0.999970
0.999970
0.999970
0.999970
0.999970
0.999970
0.999970
0.999970
1.000000
1.000000
1.000000
1.000000
1.000000
1.000000
1.000000
1.000000
1.000000
1.000000
1.000000
1.000000
1.000000
1.000000
1.000000
1.000000
1.000000
1.000000
1.000000
1.000000
1.000000
1.000000
1.000000
1.000000
1.000000
1.000000
1.000000
1.000000
1.000000
1.000000
1.000000
1.000000
1.000000
1.000000
1.000000
1.000000
1.000000
1.000000
1.000000
1.000000
1.000000
1.000000
1.000000
1.000000
1.000000
1.000000
1.000000
1.000000
1.000000
1.000000
1.000000
1.000000
1.000000
1.000000
1.000000
1.000000
1.000000
1.000000
1.000000
1.000000
1.000000
1.000000
1.000000
1.000000
1.000000
1.000000
1.000000
1.000000
1.000000
1.000000
1.000000
1.000000
1.000000
1.000000
1.000000
1.000000
1.000000
1.000000
1.000000
1.000000
1.000000
1.000000
1.000000
1.000000
1.000000
1.000000
1.000000
1.000000
1.000000
1.000000
1.000000
1.000000
1.000000
1.000000
1.000000
1.000000
1.000000
1.000000
1.000000
1.000000
1.000000
1.000000
1.000000
1.000000
1.000000
1.000000
1.000000
1.000000
1.000000
1.000000
1.000000
1.000000
1.000000
1.000000
1.000000
1.000000
1.000000
1.000000
1.000000
1.000000
1.000000
1.000000
1.000000
1.000000
1.000000
1.000000
1.000000
1.000000
1.000000
1.000000
1.000000
1.000000
1.000000
1.000000
1.000000
1.000000
1.000000
1.000000
1.000000
1.000000
1.000000
1.000000
1.000000
1.000000
1.000000
1.000000
1.000000
1.000000
1.000000
1.000000
1.000000
1.000000
1.000000
1.000000
1.000000
1.000000
1.000000
1.000000
1.000000
1.000000
1.000000
1.000000
1.000000
1.000000
1.000000
1.000000
1.000000
1.000000
1.000000
1.000000
1.000000
1.000000
1.000000
1.000000
