1460
0
0.000153198
0.000229797
0.000306396
0.000382995
0.000574493
0.000612792
0.000612792
0.00551513
0.0175029
0.110762
0.131099
0.152509
0.199119
0.20337
0.205285
0.205477
0.205745
0.205745
0.206434
0.206511
0.209422
0.210073
0.211069
0.211873
0.212064
0.212064
0.213175
0.213175
0.21352
0.213596
0.21375
0.214286
0.214324
0.214401
0.214745
0.215013
0.215052
0.215052
0.215243
0.215282
0.215358
0.215358
0.215664
0.216086
0.216545
0.216775
0.21735
0.217465
0.218499
0.218767
0.219724
0.221065
0.225929
0.232823
0.237878
0.256185
0.2563
0.259326
0.277173
0.280352
0.282497
0.291191
0.292225
0.300766
0.315167
0.325431
0.343776
0.346534
0.347032
0.352087
0.358254
0.36262
0.369552
0.372463
0.373688
0.37499
0.377863
0.379625
0.380582
0.380889
0.381616
0.38265
0.383072
0.38357
0.383953
0.384182
0.384527
0.385293
0.386136
0.386212
0.386519
0.386672
0.387093
0.387131
0.387476
0.387476
0.387668
0.387706
0.387782
0.387936
0.388127
0.38828
0.38874
0.389506
0.389544
0.389966
0.390349
0.390387
0.390961
0.391038
0.391421
0.391498
0.39234
0.392991
0.393604
0.393642
0.39414
0.394638
0.396285
0.397013
0.397817
0.397932
0.398162
0.400038
0.400919
0.402068
0.402221
0.402298
0.403638
0.405975
0.406511
0.406549
0.407009
0.407047
0.4072
0.40766
0.408043
0.408158
0.408311
0.409422
0.409766
0.410417
0.411452
0.411566
0.411605
0.411643
0.411911
0.412332
0.413558
0.413673
0.413826
0.413903
0.414822
0.416354
0.416622
0.416737
0.417388
0.417465
0.417809
0.41892
0.41915
0.419226
0.419763
0.420107
0.420375
0.42072
0.420835
0.42095
0.42118
0.42118
0.421486
0.421524
0.421601
0.421639
0.421946
0.422367
0.422597
0.422712
0.423324
0.423439
0.423592
0.423784
0.42409
0.424167
0.424244
0.424435
0.424933
0.424971
0.42501
0.425124
0.425354
0.425393
0.425431
0.425431
0.425431
0.425737
0.425967
0.425967
0.425967
0.425967
0.426005
0.42612
0.426312
0.426465
0.426503
0.42658
0.427078
0.427231
0.427422
0.427537
0.427691
0.427882
0.427997
0.428074
0.42861
0.428648
0.428763
0.428993
0.429223
0.429874
0.430295
0.43041
0.430563
0.430831
0.431865
0.432325
0.432938
0.432938
0.433091
0.433321
0.43355
0.434278
0.434661
0.434699
0.434776
0.434891
0.435121
0.435465
0.435695
0.435772
0.436116
0.436231
0.436346
0.436423
0.436423
0.436423
0.436691
0.436844
0.43784
0.43784
0.43807
0.43807
0.438108
0.438108
0.438108
0.438108
0.438185
0.438261
0.438261
0.4383
0.4383
0.4383
0.438912
0.438989
0.439487
0.439525
0.439563
0.439563
0.439602
0.43964
0.439755
0.439755
0.439793
0.439793
0.439793
0.439793
0.439908
0.439946
0.439985
0.4401
0.440253
0.440291
0.440368
0.440406
0.440406
0.440406
0.440597
0.440751
0.440866
0.440866
0.441057
0.441325
0.44167
0.441785
0.441823
0.4419
0.442551
0.442742
0.443547
0.443623
0.443661
0.4437
0.444121
0.444542
0.444849
0.44504
0.445117
0.445155
0.445347
0.445538
0.445653
0.445768
0.445845
0.445921
0.445959
0.445998
0.446036
0.446457
0.446572
0.446572
0.446649
0.446649
0.446725
0.446725
0.446725
0.446764
0.44684
0.44684
0.44684
0.44684
0.446955
0.446993
0.447032
0.447032
0.447032
0.447032
0.447032
0.447032
0.447032
0.447032
0.447108
0.447108
0.447147
0.447185
0.447185
0.447185
0.447262
0.4473
0.447415
0.447798
0.447798
0.447798
0.447798
0.447798
0.447836
0.447913
0.447951
0.447989
0.447989
0.448028
0.448066
0.448142
0.448181
0.448334
0.448564
0.44864
0.448717
0.448755
0.448947
0.449138
0.449253
0.449483
0.449483
0.44956
0.449828
0.450134
0.450364
0.45044
0.450479
0.451283
0.451321
0.451398
0.451398
0.451513
0.451551
0.451628
0.451743
0.451743
0.451858
0.451858
0.451972
0.452049
0.452202
0.452202
0.452241
0.45293
0.452968
0.452968
0.452968
0.452968
0.453007
0.453007
0.453083
0.453083
0.453083
0.45316
0.453198
0.453198
0.453236
0.453236
0.453313
0.453313
0.453313
0.45339
0.45339
0.453581
0.453619
0.453619
0.453619
0.453619
0.453619
0.453619
0.453658
0.453887
0.453926
0.453926
0.453964
0.454002
0.454041
0.454041
0.454117
0.454117
0.454117
0.454232
0.454232
0.454232
0.454347
0.454424
0.454538
0.454538
0.45473
0.45473
0.454807
0.454807
0.454807
0.454807
0.45496
0.454998
0.455228
0.455304
0.455343
0.455343
0.455458
0.455458
0.455573
0.455573
0.455573
0.455649
0.455764
0.455841
0.455841
0.455841
0.455879
0.455956
0.455994
0.45607
0.456185
0.456224
0.4563
0.456415
0.456607
0.456645
0.456722
0.456798
0.456836
0.456836
0.456836
0.45699
0.457028
0.457066
0.457066
0.457066
0.457602
0.457756
0.457871
0.457909
0.457947
0.457947
0.457947
0.4581
0.458139
0.458177
0.45833
0.458368
0.458407
0.458445
0.458522
0.458522
0.45856
0.458828
0.458943
0.458943
0.459096
0.459096
0.459173
0.459211
0.459288
0.459288
0.459288
0.459288
0.459479
0.459517
0.459556
0.459556
0.459594
0.459632
0.459632
0.459632
0.459632
0.459632
0.459747
0.459747
0.459862
0.459862
0.459939
0.459977
0.460054
0.460054
0.46013
0.46013
0.460245
0.460245
0.460322
0.460437
0.460437
0.460437
0.460475
0.460475
0.460666
0.460666
0.460705
0.460705
0.460743
0.460743
0.460781
0.460781
0.460858
0.460858
0.460935
0.460935
0.460935
0.460935
0.460973
0.465416
0.46553
0.465569
0.465684
0.465722
0.465722
0.465722
0.46576
0.46576
0.46576
0.465837
0.465875
0.465875
0.465913
0.465952
0.466105
0.466105
0.466105
0.466105
0.466143
0.466143
0.466143
0.466143
0.466143
0.466182
0.466258
0.466258
0.466258
0.466258
0.466258
0.466258
0.490846
0.490846
0.490846
0.490885
0.490923
0.490923
0.490923
0.490923
0.491
0.491038
0.491076
0.491076
0.491153
0.491153
0.491153
0.491153
0.491229
0.491229
0.491268
0.491268
0.491383
0.491383
0.491383
0.491383
0.491536
0.491536
0.491536
0.491536
0.491536
0.491536
0.491612
0.491612
0.491612
0.491612
0.491612
0.491612
0.491766
0.491766
0.491804
0.491804
0.491881
0.491919
0.491957
0.491995
0.492034
0.492034
0.492072
0.492072
0.492149
0.492187
0.492225
0.492225
0.492302
0.492302
0.492302
0.492302
0.492302
0.492302
0.492302
0.492302
0.49257
0.492608
0.492646
0.492646
0.492646
0.492685
0.492723
0.492723
0.492723
0.492723
0.492723
0.492723
0.4928
0.4928
0.4928
0.4928
0.493221
0.493221
0.493221
0.493221
0.493298
0.493336
0.493336
0.493374
0.493374
0.493374
0.493412
0.493412
0.493451
0.493451
0.493489
0.493489
0.493604
0.493604
0.493604
0.493604
0.493642
0.493642
0.493719
0.493719
0.493719
0.493719
0.493757
0.493795
0.493834
0.493834
0.493872
0.493872
0.494217
0.494217
0.494217
0.494217
0.494217
0.494217
0.494217
0.494217
0.494217
0.494217
0.494217
0.494217
0.494255
0.494255
0.494293
0.494293
0.49437
0.49437
0.494447
0.494447
0.494561
0.494561
0.494561
0.4946
0.4946
0.4946
0.494676
0.494676
0.494753
0.494753
0.49483
0.49483
0.494906
0.494906
0.494944
0.494944
0.494944
0.494944
0.494944
0.494944
0.494944
0.494983
0.495059
0.495098
0.495634
0.495634
0.495634
0.495634
0.495634
0.495634
0.495634
0.495634
0.495634
0.495634
0.49571
0.49571
0.495749
0.496285
0.496323
0.496323
0.496323
0.496323
0.4964
0.4964
0.4964
0.496438
0.496438
0.496476
0.496515
0.496553
0.49663
0.49663
0.496668
0.497281
0.497281
0.497281
0.497281
0.497281
0.497281
0.497281
0.497357
0.497357
0.497357
0.497357
0.497396
0.497396
0.497434
0.497434
0.497587
0.49774
0.497817
0.497817
0.497894
0.497894
0.497894
0.497894
0.497894
0.497894
0.497894
0.497894
0.49797
0.49797
0.49797
0.49797
0.49797
0.498008
0.498008
0.498008
0.498047
0.498047
0.498047
0.498047
0.498123
0.498123
0.498123
0.498162
0.4982
0.4982
0.498277
0.498277
0.498277
0.498277
0.498315
0.498353
0.498391
0.498391
0.498391
0.498391
0.49843
0.49843
0.49843
0.498506
0.498583
0.498621
0.498621
0.498621
0.49866
0.498698
0.498736
0.498774
0.498774
0.498774
0.498813
0.498813
0.498813
0.498813
0.498889
0.498889
0.498928
0.498928
0.498928
0.498928
0.498928
0.498928
0.498928
0.499004
0.499004
0.499043
0.499081
0.499081
0.499081
0.499081
0.499157
0.499157
0.499196
0.499196
0.499196
0.499196
0.499234
0.499272
0.499272
0.499272
0.499272
0.499272
0.499464
0.499464
0.499464
0.499464
0.499464
0.499464
0.499464
0.499464
0.499464
0.499464
0.499464
0.499464
0.499502
0.499502
0.499502
0.499502
0.499617
0.499617
0.499617
0.499617
0.499617
0.499617
0.499655
0.499655
0.499694
0.499694
0.49977
0.49977
0.499847
0.499847
0.499847
0.499847
0.499885
0.499885
0.499885
0.499885
0.500077
0.500077
0.500153
0.500153
0.500191
0.50023
0.50023
0.50023
0.500268
0.500268
0.500345
0.500574
0.500613
0.500689
0.500881
0.500881
0.50134
0.501379
0.501417
0.501417
0.501532
0.501723
0.501723
0.501762
0.501838
0.502106
0.502221
0.50226
0.502298
0.502298
0.502451
0.502528
0.502528
0.502528
0.502566
0.502566
0.502604
0.502604
0.502604
0.502604
0.502604
0.502604
0.502604
0.502604
0.502604
0.502604
0.502681
0.502681
0.502681
0.502681
0.502681
0.502681
0.502681
0.502681
0.502719
0.502719
0.502758
0.502758
0.502834
0.502834
0.502872
0.502911
0.502987
0.502987
0.502987
0.502987
0.502987
0.502987
0.502987
0.502987
0.502987
0.502987
0.503064
0.503064
0.503141
0.503141
0.503179
0.503179
0.503179
0.503179
0.503179
0.503179
0.503179
0.503179
0.503179
0.503179
0.503217
0.503217
0.503294
0.503294
0.503409
0.503409
0.503409
0.503409
0.503447
0.503447
0.503447
0.503447
0.503638
0.503638
0.503638
0.503638
0.503715
0.503715
0.503715
0.503715
0.503792
0.503792
0.503792
0.503792
0.50383
0.50383
0.50383
0.50383
0.503907
0.503907
0.503907
0.503907
0.503907
0.503907
0.503907
0.503907
0.503945
0.503945
0.503945
0.503945
0.503945
0.503945
0.503945
0.503945
0.503945
0.503945
0.503983
0.503983
0.504021
0.504021
0.50406
0.50406
0.50406
0.50406
0.50406
0.50406
0.50406
0.50406
0.50406
0.50406
0.504098
0.504098
0.504213
0.504213
0.504213
0.504213
0.504404
0.504404
0.504443
0.504443
0.504481
0.504481
0.504519
0.504519
0.504558
0.504558
0.504558
0.504558
0.504673
0.504673
0.504673
0.504673
0.504673
0.504673
0.504673
0.504673
0.504673
0.504673
0.504673
0.504673
0.504673
0.504673
0.504787
0.504787
0.504787
0.504787
0.504826
0.504826
0.504826
0.504864
0.504864
0.504864
0.504864
0.504864
0.504902
0.504902
0.504902
0.504902
0.505707
0.505707
0.505707
0.505707
0.505822
0.505822
0.505822
0.505822
0.505822
0.505822
0.505898
0.505898
0.506051
0.506051
0.506051
0.506051
0.50609
0.50609
0.506166
0.506166
0.506166
0.506166
0.506166
0.506166
0.506205
0.506205
0.506205
0.506205
0.506243
0.506243
0.506319
0.506319
0.506319
0.506319
0.506319
0.506319
0.506319
0.506319
0.506319
0.506319
0.506358
0.506358
0.506358
0.506358
0.506396
0.506396
0.506434
0.506434
0.506434
0.506434
0.506549
0.506549
0.506626
0.506626
0.506626
0.506626
0.506664
0.506664
0.506702
0.506702
0.506702
0.506702
0.506779
0.506779
0.506856
0.506856
0.506856
0.506856
0.506856
0.506856
0.506856
0.506856
0.507047
0.507047
0.50743
0.50743
0.507813
0.507813
0.507813
0.507813
0.507813
0.507813
0.507813
0.507813
0.507813
0.507813
0.507813
0.507813
0.508005
0.508005
0.508005
0.508005
0.508043
0.508043
0.508043
0.508043
0.508043
0.508043
0.508273
0.508273
0.508273
0.508273
0.508388
0.508388
0.508388
0.508388
0.508502
0.508502
0.508541
0.508541
0.508541
0.508541
0.508656
0.508656
0.508656
0.508656
0.508656
0.508656
0.508656
0.508771
0.508847
0.508847
0.508924
0.508924
0.508962
0.508962
0.508962
0.508962
0.508962
0.508962
0.508962
0.508962
0.509039
0.509039
0.509077
0.509077
0.50923
0.50923
0.509268
0.509268
0.509345
0.509345
0.509383
0.509383
0.509383
0.509383
0.509422
0.509422
0.509422
0.509422
0.509498
0.509498
0.509498
0.509498
0.509498
0.509498
0.509498
0.509498
0.509575
0.509575
0.509575
0.509575
0.50969
0.50969
0.509843
0.509843
0.509881
0.509881
0.509881
0.509881
0.50992
0.50992
0.50992
0.50992
0.510034
0.510034
0.510073
0.510073
0.510073
0.510073
0.510149
0.510149
0.510303
0.510303
0.510341
0.510341
0.510456
0.510456
0.510494
0.510494
0.510532
0.510532
0.510571
0.510571
0.510609
0.510609
0.510686
0.510686
0.510686
0.510686
0.510762
0.510762
0.510762
0.510762
0.510762
0.510762
0.5108
0.5108
0.510839
0.510839
0.510839
0.510839
0.510839
0.510839
0.510915
0.510915
0.510915
0.510915
0.510992
0.510992
0.510992
0.510992
0.51103
0.51103
0.511183
0.511183
0.511337
0.511337
0.511375
0.511375
0.511452
0.511452
0.511452
0.511452
0.511528
0.511528
0.511528
0.511528
0.511566
0.511566
0.511566
0.511566
0.511566
0.511566
0.511643
0.511643
0.511643
0.511643
0.511643
0.511643
0.51283
0.51283
0.51283
0.51283
0.512869
0.512869
0.512907
0.512907
0.51306
0.51306
0.513098
0.513098
0.513137
0.513137
0.513137
0.513137
0.513137
0.513137
0.513137
0.513137
0.513137
0.513137
0.513213
0.513213
0.513252
0.513252
0.513252
0.513252
0.51329
0.51329
0.513328
0.513328
0.513367
0.513367
0.513405
0.513405
0.513405
0.513405
0.513443
0.513443
0.513635
0.513635
0.513673
0.513673
0.513711
0.513711
0.513711
0.513711
0.513864
0.513864
0.536959
0.536959
0.537112
0.537112
0.557641
0.557641
0.557641
0.557641
0.557641
0.557641
0.559939
0.559939
0.559977
0.559977
0.560092
0.560092
0.573267
0.573267
0.573267
0.573267
0.573344
0.573344
0.573344
0.573344
0.573344
0.573344
0.573344
0.573344
0.573344
0.573344
0.573344
0.573344
0.573382
0.573382
0.573458
0.573458
0.573497
0.573497
0.573497
0.573497
0.573497
0.573497
0.584604
0.584604
0.584604
0.584604
0.584604
0.584604
0.584604
0.584604
0.674799
0.674799
0.674799
0.674799
0.676446
0.676446
0.676446
0.676446
0.676446
0.676446
0.676446
0.676446
1
